# PNG Vector Editor polygon data
# Each image is followed by a vertex count and normalized x y coordinates.

assets/air_pocket_1.png
20
0.385 0.16
0.55375 0.1725
0.67625 0.225
0.75875 0.2925
0.79625 0.35
0.82875 0.42
0.83875 0.50125
0.82875 0.5675
0.78375 0.6875
0.72375 0.7425
0.6325 0.80625
0.58125 0.8375
0.49875 0.83
0.37625 0.8125
0.3 0.75
0.20125 0.6675
0.1875 0.5275
0.16875 0.3925
0.19625 0.33
0.33625 0.175

assets/cell_basic_shell.png
4
0.34 0.1325
0.65625 0.1325
0.6525 0.8675
0.34625 0.8625

assets/nest_1_1.png
16
0.34125 0.71375
0.28625 0.65375
0.2675 0.5325
0.275 0.395
0.30375 0.31875
0.38125 0.2325
0.4975 0.22375
0.58 0.25625
0.63375 0.3375
0.66875 0.455
0.7075 0.5575
0.72875 0.63875
0.74125 0.70125
0.7175 0.7425
0.63875 0.7475
0.46 0.74625

